12.234 0.73993 0.05
18.652 0.85253 0.05
20.251 0.63086 0.05
23.451 0.37081 0.05
25.851 0.2602 0.05
28.259 0.2998 0.05
30.671 0.41974 0.05
33.881 0.49226 0.05
36.284 0.40511 0.05
37.878 0.21794 0.05
38.675 0.15844 0.05
39.47 0.10176 0.05
41.868 0.059812 0.05
43.479 0.091495 0.05
43.482 0.11519 0.05
44.288 0.14246 0.05
49.121 0.54739 0.05
50.729 0.72673 0.05
53.137 0.79401 0.05
57.144 0.67699 0.05
57.943 0.56709 0.05
61.941 0.26012 0.05
64.333 0.10541 0.05
67.536 0.079393 0.05
69.955 0.17307 0.05
71.566 0.2792 0.05
73.977 0.37729 0.05
78.791 0.43471 0.05
85.202 0.31602 0.05
90.007 0.20295 0.05
94.815 0.15838 0.05
99.63 0.18574 0.05
104.45 0.23382 0.05